xof 0303txt 0032
template XSkinMeshHeader {
 <3cf169ce-ff7c-44ab-93c0-f78f62d172e2>
 WORD nMaxSkinWeightsPerVertex;
 WORD nMaxSkinWeightsPerFace;
 WORD nBones;
}

template VertexDuplicationIndices {
 <b8d65549-d7c9-4995-89cf-53a9a8b031e3>
 DWORD nIndices;
 DWORD nOriginalVertices;
 array DWORD indices[nIndices];
}

template SkinWeights {
 <6f0d123b-bad2-4167-a0d0-80224f25fabb>
 STRING transformNodeName;
 DWORD nWeights;
 array DWORD vertexIndices[nWeights];
 array FLOAT weights[nWeights];
 Matrix4x4 matrixOffset;
}

template AnimTicksPerSecond {
 <9e415a43-7ba6-4a73-8743-b73d47e88476>
 DWORD AnimTicksPerSecond;
}


AnimTicksPerSecond {
 4800;
}

Frame Dummy01 {
 

 FrameTransformMatrix {
  1.000000,0.000000,0.000000,0.000000,0.000000,-0.000000,-1.000000,0.000000,0.000000,1.000000,-0.000000,0.000000,0.000000,0.000000,0.000000,1.000000;;
 }

 Frame Bip01 {
  

  FrameTransformMatrix {
   -0.353776,0.923581,-0.147782,0.000000,-0.030695,0.146450,0.988742,0.000000,0.934826,0.354330,-0.023461,0.000000,0.005533,-0.024850,0.474789,1.000000;;
  }

  Frame Bip01_Pelvis {
   

   FrameTransformMatrix {
    -0.014298,0.997250,-0.072713,0.000000,0.047421,0.073315,0.996181,0.000000,0.998773,0.010795,-0.048339,0.000000,0.000000,0.000000,0.000000,1.000000;;
   }

   Frame Bip01_Spine {
    

    FrameTransformMatrix {
     0.968420,0.025748,0.247994,0.000000,-0.029731,0.999482,0.012327,0.000000,-0.247548,-0.019311,0.968683,0.000000,0.051512,0.003787,0.000475,1.000000;;
    }

    Frame Bip01_Spine1 {
     

     FrameTransformMatrix {
      0.919245,0.159125,0.360094,0.000000,-0.169515,0.985524,-0.002768,0.000000,-0.355322,-0.058497,0.932912,0.000000,0.106510,0.000005,-0.000079,1.000000;;
     }

     Frame Bip01_Neck {
      

      FrameTransformMatrix {
       0.865364,0.220628,0.449965,0.000000,-0.081728,0.947986,-0.307642,0.000000,-0.494434,0.229447,0.838384,0.000000,0.130518,-0.000006,0.004630,1.000000;;
      }

      Frame Bip01_Head {
       

       FrameTransformMatrix {
        0.530072,0.018052,-0.847760,0.000000,-0.075127,0.996841,-0.025747,0.000000,0.844618,0.077337,0.529754,0.000000,0.033674,0.000000,-0.000000,1.000000;;
       }

       Frame Bip01_HeadNub {
        

        FrameTransformMatrix {
         1.000000,0.000000,0.000000,0.000000,0.000000,1.000000,0.000000,0.000000,0.000000,0.000000,1.000000,0.000000,0.169824,0.000000,0.000000,1.000000;;
        }
       }
      }

      Frame Bip01_L_Clavicle {
       

       FrameTransformMatrix {
        0.295253,0.952911,0.069175,0.000000,0.831240,-0.220509,-0.510310,0.000000,-0.471027,0.208172,-0.857204,0.000000,-0.019416,0.018292,0.011611,1.000000;;
       }

       Frame Bip01_L_UpperArm {
        

        FrameTransformMatrix {
         0.655882,-0.746357,-0.113005,0.000000,0.751801,0.632389,0.186761,0.000000,-0.067928,-0.207450,0.975885,0.000000,0.087086,0.000000,-0.000000,1.000000;;
        }

        Frame Bip01_L_Forearm {
         

         FrameTransformMatrix {
          -0.383833,0.000000,-0.923402,0.000000,-0.000000,1.000000,0.000000,0.000000,0.923402,-0.000000,-0.383833,0.000000,0.137062,0.000000,0.000000,1.000000;;
         }

         Frame Bip01_L_Hand {
          

          FrameTransformMatrix {
           0.883471,0.429152,-0.187904,0.000000,0.088444,0.241091,0.966464,0.000000,0.460062,-0.870462,0.175041,0.000000,0.137062,0.000000,0.000000,1.000000;;
          }

          Frame Bip01_L_Finger0 {
           

           FrameTransformMatrix {
            0.372832,-0.720050,0.585256,0.000000,0.842148,0.527405,0.112390,0.000000,-0.389594,0.450970,0.803022,0.000000,0.057681,-0.023605,-0.000272,1.000000;;
           }

           Frame Bip01_L_Finger0Nub {
            

            FrameTransformMatrix {
             1.000000,-0.000000,0.000000,0.000000,0.000000,1.000000,-0.000000,0.000000,0.000000,0.000000,1.000000,0.000000,0.029435,0.000000,0.000000,1.000000;;
            }
           }
          }

          Frame Bip01_L_Finger1 {
           

           FrameTransformMatrix {
            0.753386,0.039677,0.656380,0.000000,-0.150999,0.981943,0.113958,0.000000,-0.640006,-0.184967,0.745774,0.000000,0.084102,0.000000,0.000000,1.000000;;
           }

           Frame Bip01_L_Finger1Nub {
            

            FrameTransformMatrix {
             1.000000,-0.000000,0.000000,0.000000,0.000000,1.000000,0.000000,0.000000,-0.000000,-0.000000,1.000000,0.000000,0.047988,0.000000,0.000000,1.000000;;
            }
           }
          }
         }
        }
       }
      }

      Frame Bip01_R_Clavicle {
       

       FrameTransformMatrix {
        -0.228742,-0.925039,-0.303283,0.000000,-0.871668,0.055911,0.486897,0.000000,-0.433442,0.375736,-0.819115,0.000000,-0.026350,-0.011503,0.004399,1.000000;;
       }

       Frame Bip01_R_UpperArm {
        

        FrameTransformMatrix {
         0.312031,0.949824,0.021701,0.000000,-0.829714,0.261304,0.493249,0.000000,0.462829,-0.171915,0.869617,0.000000,0.087086,0.000000,-0.000000,1.000000;;
        }

        Frame Bip01_R_Forearm {
         

         FrameTransformMatrix {
          0.398839,0.000000,-0.917021,0.000000,0.000000,1.000000,0.000000,0.000000,0.917021,-0.000000,0.398839,0.000000,0.137062,0.000000,0.000000,1.000000;;
         }

         Frame Bip01_R_Hand {
          

          FrameTransformMatrix {
           0.999669,0.023423,0.010685,0.000000,0.003816,0.275633,-0.961256,0.000000,-0.025460,0.960978,0.275452,0.000000,0.137062,-0.000000,-0.000000,1.000000;;
          }

          Frame Bip01_R_Finger0 {
           

           FrameTransformMatrix {
            0.134658,0.586321,0.798809,0.000000,-0.939285,0.332299,-0.085567,0.000000,-0.315613,-0.738787,0.595469,0.000000,0.057681,0.023605,-0.000272,1.000000;;
           }

           Frame Bip01_R_Finger0Nub {
            

            FrameTransformMatrix {
             -1.000000,0.000000,0.000000,0.000000,0.000000,1.000000,0.000000,0.000000,0.000000,0.000000,-1.000000,0.000000,0.029435,0.000000,-0.000000,1.000000;;
            }
           }
          }

          Frame Bip01_R_Finger1 {
           

           FrameTransformMatrix {
            0.666936,0.000593,0.745114,0.000000,0.000000,1.000000,-0.000796,0.000000,-0.745115,0.000531,0.666936,0.000000,0.084102,0.000000,0.000000,1.000000;;
           }

           Frame Bip01_R_Finger1Nub {
            

            FrameTransformMatrix {
             -1.000000,-0.000000,0.000000,0.000000,-0.000000,1.000000,-0.000000,0.000000,0.000000,0.000000,-1.000000,0.000000,0.047988,-0.000000,0.000000,1.000000;;
            }
           }
          }
         }
        }
       }
      }
     }

     Frame Bip01_BackPack {
      

      FrameTransformMatrix {
       -0.106593,-0.000073,-0.994303,0.000000,0.087902,0.996084,-0.009496,0.000000,0.990410,-0.088413,-0.106169,0.000000,0.063696,0.000004,-0.088844,1.000000;;
      }

      Frame Bip01_BackPackNub {
       

       FrameTransformMatrix {
        0.000796,0.000003,1.000000,0.000000,-0.000000,-1.000000,0.000003,0.000000,1.000000,-0.000000,-0.000796,0.000000,0.053240,-0.000000,0.000000,1.000000;;
       }
      }
     }
    }

    Frame Bip01_L_Thigh {
     

     FrameTransformMatrix {
      -0.648550,0.204283,0.733247,0.000000,0.075616,-0.941257,0.329116,0.000000,0.757407,0.268893,0.595005,0.000000,-0.048679,0.052937,0.011298,1.000000;;
     }

     Frame Bip01_L_Calf {
      

      FrameTransformMatrix {
       0.816710,0.000000,-0.577049,0.000000,0.000000,1.000000,-0.000000,0.000000,0.577049,0.000000,0.816710,0.000000,0.237500,0.000000,-0.000000,1.000000;;
      }

      Frame Bip01_L_Foot {
       

       FrameTransformMatrix {
        0.994216,0.004555,0.107304,0.000000,-0.015295,0.994922,0.099484,0.000000,-0.106306,-0.100550,0.989236,0.000000,0.206841,0.000000,0.000000,1.000000;;
       }

       Frame Bip01_L_Toe0 {
        

        FrameTransformMatrix {
         -0.000797,0.013164,0.999913,0.000000,-0.060279,0.998094,-0.013188,0.000000,-0.998181,-0.060284,-0.000002,0.000000,0.065373,0.000000,0.066450,1.000000;;
        }

        Frame Bip01_L_Toe0Nub {
         

         FrameTransformMatrix {
          -1.000000,-0.000000,-0.000000,0.000000,-0.000000,1.000000,0.000000,0.000000,0.000000,0.000000,-1.000000,0.000000,0.006735,0.000000,0.000000,1.000000;;
         }
        }
       }
      }
     }
    }

    Frame Bip01_R_Thigh {
     

     FrameTransformMatrix {
      -0.813780,-0.166014,0.556958,0.000000,0.088821,-0.982602,-0.163108,0.000000,0.574346,-0.083264,0.814367,0.000000,-0.051523,-0.057456,0.013431,1.000000;;
     }

     Frame Bip01_R_Calf {
      

      FrameTransformMatrix {
       0.731229,-0.000000,-0.682132,0.000000,0.000000,1.000000,-0.000000,0.000000,0.682132,-0.000000,0.731229,0.000000,0.237500,0.000000,0.000000,1.000000;;
      }

      Frame Bip01_R_Foot {
       

       FrameTransformMatrix {
        0.869522,-0.080979,0.487210,0.000000,0.118782,0.991801,-0.047143,0.000000,-0.479398,0.098864,0.872011,0.000000,0.206841,0.000000,-0.000000,1.000000;;
       }

       Frame Bip01_R_Toe0 {
        

        FrameTransformMatrix {
         -0.032848,-0.296794,0.954376,0.000000,0.037640,0.953847,0.297925,0.000000,-0.998751,0.045709,-0.020160,0.000000,0.065373,-0.000000,0.066450,1.000000;;
        }

        Frame Bip01_R_Toe0Nub {
         

         FrameTransformMatrix {
          1.000000,0.000000,0.000000,0.000000,0.000000,1.000000,0.000000,0.000000,0.000000,0.000000,1.000000,0.000000,0.006735,0.000000,0.000000,1.000000;;
         }
        }
       }
      }
     }
    }
   }

   Frame Bip01_DressFront {
    

    FrameTransformMatrix {
     -0.890634,-0.000002,0.454722,0.000000,-0.000003,1.000000,-0.000001,0.000000,-0.454721,-0.000002,-0.890634,0.000000,-0.043935,0.001399,0.061072,1.000000;;
    }

    Frame Bip01_DressFront02 {
     

     FrameTransformMatrix {
      0.866064,0.000001,0.499933,0.000000,-0.000001,1.000000,-0.000000,0.000000,-0.499933,-0.000000,0.866064,0.000000,0.183390,0.000000,-0.000114,1.000000;;
     }

     Frame Bip01_DressFrontNub {
      

      FrameTransformMatrix {
       0.000796,0.000003,1.000000,0.000000,-0.000000,-1.000000,0.000003,0.000000,1.000000,-0.000000,-0.000796,0.000000,0.165302,0.000000,0.000000,1.000000;;
      }
     }
    }
   }

   Frame Bip01_DressBack {
    

    FrameTransformMatrix {
     -0.855902,-0.042480,0.515391,0.000000,0.123642,0.950907,0.283706,0.000000,-0.502140,0.306548,-0.808631,0.000000,-0.047662,-0.000043,-0.078306,1.000000;;
    }

    Frame Bip01_DressBack02 {
     

     FrameTransformMatrix {
      0.818329,-0.097524,0.566416,0.000000,0.083258,0.995219,0.051067,0.000000,-0.568688,0.005369,0.822536,0.000000,0.176221,-0.000001,-0.000089,1.000000;;
     }

     Frame Bip01_DressBackNub {
      

      FrameTransformMatrix {
       0.000796,0.000003,1.000000,0.000000,0.000000,-1.000000,0.000003,0.000000,1.000000,-0.000000,-0.000796,0.000000,0.136508,-0.000000,0.000000,1.000000;;
      }
     }
    }
   }
  }
 }

 Mesh Mesh {
  1462;
  0.024783;0.683208;-0.139310;,
  -0.008279;0.671501;-0.119154;,
  -0.010916;0.704837;-0.125190;,
  0.037916;0.663783;-0.132788;,
  0.042459;0.643011;-0.121945;,
  0.010281;0.612708;-0.099657;,
  -0.003318;0.636032;-0.113157;,
  0.055040;0.628529;-0.092462;,
  0.000041;0.744461;-0.113788;,
  0.055653;0.737365;-0.098825;,
  0.031821;0.731406;-0.119936;,
  0.030360;0.746333;-0.086747;,
  0.092394;0.532423;0.020716;,
  0.062454;0.543250;0.051548;,
  0.064849;0.529329;0.060138;,
  0.084136;0.542995;0.017669;,
  0.057113;0.533703;-0.030240;,
  0.078499;0.511805;-0.014659;,
  0.020077;0.522851;-0.045609;,
  0.056751;0.485611;-0.031911;,
  0.026584;0.472257;-0.028954;,
  -0.042114;0.613468;-0.084694;,
  -0.042410;0.641555;-0.101899;,
  0.023516;0.539621;0.069333;,
  0.026819;0.523301;0.077513;,
  0.059092;0.650407;0.012602;,
  0.009062;0.696164;0.014228;,
  0.012679;0.656720;0.035058;,
  0.059757;0.688817;-0.010721;,
  0.050619;0.455543;-0.049767;,
  0.097192;0.360811;-0.081876;,
  0.056395;0.374488;-0.101975;,
  0.090585;0.442966;-0.023711;,
  0.055124;0.284644;-0.150685;,
  0.088371;0.272742;-0.112814;,
  0.006072;0.449302;-0.029699;,
  0.026504;0.324737;-0.009524;,
  0.027227;0.403174;0.053661;,
  0.011789;0.360254;-0.075048;,
  0.038937;0.262239;-0.071116;,
  0.031676;0.270515;-0.110607;,
  0.104721;0.331255;-0.024735;,
  0.097499;0.408867;0.024570;,
  0.079371;0.266265;-0.074749;,
  0.096759;-0.001282;-0.079460;,
  0.056674;-0.003751;-0.034524;,
  0.051989;-0.003966;-0.083118;,
  0.091470;-0.001673;-0.034332;,
  0.061322;0.218729;-0.128129;,
  0.095486;0.145857;-0.095496;,
  0.063690;0.144976;-0.121358;,
  0.095279;0.220245;-0.102446;,
  0.090814;0.067075;-0.085555;,
  0.069379;0.065903;-0.112964;,
  0.023127;0.200449;-0.099643;,
  0.037522;0.153689;-0.052075;,
  0.028819;0.218807;-0.047323;,
  0.036697;0.142886;-0.093509;,
  0.059008;0.076893;-0.060778;,
  0.054440;0.057637;-0.088151;,
  0.099318;0.154451;-0.058117;,
  0.100115;0.228879;-0.054005;,
  0.082790;0.082887;-0.062545;,
  0.088826;0.484197;-0.009369;,
  -0.014860;0.461307;-0.022193;,
  0.006072;0.449302;-0.029699;,
  -0.006049;0.429061;-0.005800;,
  0.112574;0.486442;0.039770;,
  0.076640;0.486295;0.082086;,
  0.103217;0.427094;0.036442;,
  0.068936;0.429735;0.072528;,
  0.059334;0.601880;0.030717;,
  0.081726;0.638327;-0.012232;,
  0.085202;0.633514;-0.031901;,
  0.052134;0.574446;-0.041355;,
  0.058714;0.611024;-0.071758;,
  0.078763;0.591549;-0.002718;,
  0.014084;0.594399;-0.084839;,
  0.020476;0.560279;-0.054458;,
  -0.038805;0.599835;-0.071675;,
  -0.025434;0.555643;-0.037168;,
  0.091886;0.682218;-0.163185;,
  0.135927;0.657934;-0.157216;,
  0.053321;0.656839;-0.135540;,
  0.144851;0.607036;-0.107462;,
  0.100927;0.618588;-0.128635;,
  0.174270;0.636532;-0.132221;,
  0.073492;0.676418;-0.081488;,
  0.100927;0.618588;-0.128635;,
  0.114654;0.647999;-0.071085;,
  0.166680;0.602467;-0.079785;,
  0.144851;0.607036;-0.107462;,
  0.079347;0.685788;-0.078970;,
  0.149506;0.687637;-0.099684;,
  0.105797;0.710671;-0.105345;,
  0.196148;0.631620;-0.104584;,
  0.101722;0.700481;-0.141600;,
  0.157801;0.651545;-0.141640;,
  0.100062;0.604242;-0.168885;,
  0.120244;0.618452;-0.113452;,
  0.124885;0.626245;-0.184603;,
  0.085285;0.587662;-0.205732;,
  0.100571;0.602900;-0.221368;,
  0.120244;0.618452;-0.113452;,
  0.142940;0.566494;-0.172125;,
  0.162521;0.572323;-0.110183;,
  0.100062;0.604242;-0.168885;,
  0.115219;0.563165;-0.213243;,
  0.085285;0.587662;-0.205732;,
  0.161866;0.583723;-0.183916;,
  0.199705;0.605388;-0.138219;,
  0.124874;0.574174;-0.223104;,
  0.034247;0.598610;-0.325326;,
  0.067082;0.561715;-0.296737;,
  0.032174;0.594102;-0.303896;,
  0.068776;0.566571;-0.317825;,
  0.034580;0.610442;-0.255903;,
  0.037098;0.615818;-0.271563;,
  0.032544;0.607206;-0.266448;,
  0.035926;0.621837;-0.258012;,
  0.092962;0.555445;-0.249307;,
  0.063878;0.606746;-0.262246;,
  0.090369;0.567025;-0.284734;,
  0.059900;0.588704;-0.232791;,
  0.100470;0.581232;-0.294439;,
  0.119929;0.581680;-0.253309;,
  0.086339;0.617031;-0.235309;,
  0.075488;0.619514;-0.272179;,
  0.057126;0.737598;-0.132930;,
  0.052926;0.719736;-0.156490;,
  0.031821;0.731406;-0.119936;,
  0.023724;0.713459;-0.136248;,
  0.086918;0.677577;-0.038421;,
  0.001224;0.720896;-0.129689;,
  0.049371;0.693306;-0.158942;,
  0.037916;0.663783;-0.132788;,
  0.024783;0.683208;-0.139310;,
  0.060106;0.676452;-0.147555;,
  0.081146;0.705190;-0.075723;,
  0.053551;0.716541;-0.044189;,
  0.081507;0.705836;-0.081949;,
  0.002007;0.723313;-0.018196;,
  -0.014411;0.746261;-0.071211;,
  0.055653;0.737365;-0.098825;,
  0.081507;0.705836;-0.081949;,
  0.055745;0.659385;-0.099971;,
  0.080302;0.695167;-0.084410;,
  0.053321;0.656839;-0.135540;,
  0.077673;0.656270;-0.059954;,
  0.059204;0.634495;-0.079840;,
  0.042459;0.643011;-0.121945;,
  0.087990;0.667097;-0.052355;,
  0.059900;0.588704;-0.232791;,
  -0.001885;0.737429;-0.139397;,
  -0.010892;0.751886;-0.125526;,
  -0.025814;0.752896;-0.102549;,
  -0.036901;0.758203;-0.119956;,
  0.075488;0.619514;-0.272179;,
  0.034247;0.598610;-0.325326;,
  0.068776;0.566571;-0.317825;,
  0.048684;0.604399;-0.243145;,
  0.054829;0.626927;-0.254356;,
  0.048684;0.604399;-0.243145;,
  0.049361;0.601234;-0.260648;,
  0.063959;0.617302;-0.272243;,
  0.063959;0.617302;-0.272243;,
  0.034580;0.610442;-0.255903;,
  0.035926;0.621837;-0.258012;,
  0.037098;0.615818;-0.271563;,
  0.102696;0.020720;-0.156223;,
  0.074392;-0.002677;-0.201346;,
  0.071859;0.015788;-0.194142;,
  0.109644;-0.000530;-0.163368;,
  0.051062;0.029372;-0.045230;,
  0.051989;-0.003966;-0.083118;,
  0.056674;-0.003751;-0.034524;,
  0.049149;0.020863;-0.085688;,
  0.059008;0.076893;-0.060778;,
  0.092347;0.034893;-0.045217;,
  0.082790;0.082887;-0.062545;,
  0.096759;-0.001282;-0.079460;,
  0.091470;-0.001673;-0.034332;,
  0.095833;0.033669;-0.081944;,
  0.069379;0.065903;-0.112964;,
  0.090814;0.067075;-0.085555;,
  0.044463;0.011103;-0.184049;,
  0.039381;-0.004773;-0.191353;,
  0.109644;-0.000530;-0.163368;,
  0.039381;-0.004773;-0.191353;,
  0.011789;0.360254;-0.075048;,
  0.031676;0.270515;-0.110607;,
  0.023127;0.200449;-0.099643;,
  0.036697;0.142886;-0.093509;,
  0.054440;0.057637;-0.088151;,
  0.054440;0.057637;-0.088151;,
  0.015253;0.423531;0.041312;,
  0.009091;0.735133;-0.151874;,
  -0.008177;0.721574;-0.167434;,
  0.000650;0.727918;-0.170238;,
  -0.009830;0.724080;-0.149008;,
  0.000971;0.758039;-0.132192;,
  -0.007201;0.771328;-0.113774;,
  -0.019562;0.868436;-0.188414;,
  -0.038987;0.855501;-0.213672;,
  -0.039316;0.872624;-0.189221;,
  -0.004013;0.794592;-0.222381;,
  -0.020921;0.792027;-0.228728;,
  -0.008185;0.823874;-0.219555;,
  0.006209;0.747311;-0.177272;,
  0.013943;0.763088;-0.153265;,
  0.007296;0.747846;-0.145239;,
  0.014410;0.800673;-0.142730;,
  0.014825;0.806358;-0.166595;,
  0.005028;0.833927;-0.204749;,
  0.013530;0.841346;-0.179199;,
  0.010788;0.797020;-0.191873;,
  0.011665;0.807378;-0.127568;,
  0.000600;0.819038;-0.109134;,
  -0.038578;0.821388;-0.098398;,
  -0.006370;0.862386;-0.129741;,
  -0.039301;0.865638;-0.120101;,
  0.011631;0.774949;-0.186611;,
  -0.002923;0.735113;-0.189072;,
  -0.002609;0.765324;-0.208564;,
  -0.017000;0.708530;-0.196007;,
  -0.036463;0.704968;-0.183553;,
  -0.036398;0.703025;-0.204605;,
  -0.013036;0.844458;-0.214544;,
  0.000283;0.858740;-0.186066;,
  0.008905;0.856488;-0.147765;,
  -0.004872;0.871666;-0.159668;,
  -0.022223;0.877976;-0.154461;,
  -0.039503;0.880319;-0.152620;,
  -0.037890;0.781446;-0.102687;,
  0.008905;0.856488;-0.147765;,
  -0.004872;0.871666;-0.159668;,
  0.018091;0.793723;-0.154872;,
  0.024529;0.795935;-0.141760;,
  0.018371;0.765698;-0.154384;,
  0.021120;0.813015;-0.153355;,
  0.024529;0.795935;-0.141760;,
  0.018371;0.765698;-0.154384;,
  0.021120;0.813015;-0.153355;,
  0.014825;0.806358;-0.166595;,
  0.015762;0.781294;-0.168673;,
  0.013943;0.763088;-0.153265;,
  -0.003263;0.787179;-0.212722;,
  0.015762;0.781294;-0.168673;,
  0.001224;0.720896;-0.129689;,
  -0.001885;0.737429;-0.139397;,
  0.023724;0.713459;-0.136248;,
  0.000971;0.758039;-0.132192;,
  -0.042095;0.688372;-0.121343;,
  -0.041646;0.667239;-0.110539;,
  -0.020737;0.518478;-0.030777;,
  0.038457;0.481887;0.099285;,
  0.040440;0.447654;0.100187;,
  0.037064;0.425689;0.092923;,
  -0.036669;0.700334;-0.155614;,
  0.015253;0.423531;0.041312;,
  -0.022223;0.877976;-0.154461;,
  -0.039503;0.880319;-0.152620;,
  -0.016880;0.738602;-0.206935;,
  -0.024760;0.759575;-0.217882;,
  -0.024407;0.750043;-0.216386;,
  -0.038775;0.843978;-0.224022;,
  -0.038355;0.820157;-0.232956;,
  -0.022898;0.784876;-0.218031;,
  0.016808;0.603491;0.051473;,
  0.023724;0.713459;-0.136248;,
  0.074392;-0.002677;-0.201346;,
  -0.024968;0.728782;-0.212016;,
  -0.017367;0.732160;-0.205524;,
  -0.025249;0.734149;-0.209325;,
  -0.037141;0.747971;-0.221153;,
  -0.037239;0.754704;-0.231893;,
  -0.025544;0.737158;-0.214759;,
  -0.036922;0.734154;-0.209904;,
  -0.036784;0.726472;-0.214437;,
  -0.037828;0.789462;-0.235075;,
  -0.037690;0.780907;-0.229578;,
  0.080302;0.695167;-0.084410;,
  -0.036947;0.736382;-0.218466;,
  0.056068;0.671569;-0.088289;,
  0.055745;0.659385;-0.099971;,
  0.042459;0.643011;-0.121945;,
  0.011665;0.807378;-0.127568;,
  0.061322;0.218729;-0.128129;,
  0.027056;0.137092;-0.101122;,
  0.009915;0.212364;-0.109806;,
  0.063690;0.144976;-0.121358;,
  0.055124;0.284644;-0.150685;,
  0.007166;0.275144;-0.124086;,
  0.056395;0.374488;-0.101975;,
  -0.000051;0.359736;-0.079528;,
  0.050619;0.455543;-0.049767;,
  -0.000092;0.441701;-0.045387;,
  0.026584;0.472257;-0.028954;,
  0.033413;0.065101;-0.095637;,
  0.069379;0.065903;-0.112964;,
  0.046562;0.147012;-0.021827;,
  0.050430;0.082389;0.079759;,
  0.053752;0.077369;-0.018016;,
  0.037663;0.152569;0.064379;,
  0.021216;0.214825;0.043791;,
  0.034464;0.218010;-0.033843;,
  0.014745;0.273622;0.039492;,
  0.034727;0.254177;-0.042343;,
  0.026994;0.318200;0.003924;,
  0.021614;0.342054;0.058359;,
  0.041832;0.420676;0.100669;,
  0.056068;0.671569;-0.088289;,
  -0.103558;0.699782;-0.088701;,
  -0.069886;0.681159;-0.095895;,
  -0.112754;0.683807;-0.073857;,
  -0.063038;0.712626;-0.106182;,
  -0.114456;0.667796;-0.061811;,
  -0.089319;0.624672;-0.060346;,
  -0.112134;0.648609;-0.026481;,
  -0.079074;0.647907;-0.084556;,
  -0.053960;0.752334;-0.094441;,
  -0.086621;0.759319;-0.045462;,
  -0.056393;0.759932;-0.053995;,
  -0.088317;0.746850;-0.074257;,
  -0.059673;0.525403;0.088648;,
  -0.015796;0.540170;0.086658;,
  -0.055481;0.537500;0.080314;,
  -0.011826;0.525790;0.094391;,
  -0.072847;0.528588;0.028072;,
  -0.075159;0.504712;0.053983;,
  -0.059130;0.519733;-0.010069;,
  -0.071375;0.479277;0.024284;,
  -0.048261;0.468802;0.004481;,
  0.023516;0.539621;0.069333;,
  0.026819;0.523301;0.077513;,
  -0.036449;0.657388;0.052413;,
  0.009062;0.696164;0.014228;,
  -0.045345;0.701441;0.030761;,
  0.012679;0.656720;0.035058;,
  -0.071486;0.439122;0.008116;,
  -0.118394;0.342649;0.039423;,
  -0.084630;0.435229;0.056666;,
  -0.099353;0.346696;-0.003896;,
  -0.119955;0.245108;-0.016942;,
  -0.122577;0.249190;0.033885;,
  -0.022277;0.432679;0.000535;,
  -0.015596;0.320195;0.060898;,
  -0.046518;0.335835;-0.006708;,
  0.019193;0.404537;0.079004;,
  -0.057614;0.247396;0.037297;,
  -0.076111;0.242087;0.002038;,
  -0.087345;0.329872;0.094812;,
  -0.054608;0.410207;0.104433;,
  -0.092250;0.254079;0.057790;,
  -0.076351;-0.000023;0.140308;,
  -0.017405;-0.001896;0.152718;,
  -0.045327;-0.000063;0.173506;,
  -0.042449;-0.002414;0.110814;,
  -0.101886;0.191036;0.026541;,
  -0.097993;0.140615;0.097147;,
  -0.113663;0.206034;0.064638;,
  -0.088127;0.126364;0.059996;,
  -0.075888;0.070543;0.131091;,
  -0.075108;0.060944;0.097940;,
  -0.051956;0.181169;0.030295;,
  -0.027705;0.158295;0.089835;,
  -0.049961;0.132293;0.064093;,
  -0.028263;0.218828;0.063870;,
  -0.037056;0.084330;0.127570;,
  -0.048013;0.059134;0.108131;,
  -0.080170;0.163353;0.122662;,
  -0.090069;0.233194;0.098550;,
  -0.057553;0.091045;0.139359;,
  -0.075966;0.476590;0.064247;,
  -0.022277;0.432679;0.000535;,
  -0.055380;0.478689;0.114799;,
  -0.000035;0.482756;0.116339;,
  -0.049847;0.425596;0.111072;,
  0.000858;0.430393;0.111398;,
  -0.027490;0.604543;0.068397;,
  -0.071943;0.649557;0.051802;,
  -0.089547;0.646284;0.040917;,
  -0.079258;0.578477;0.015666;,
  -0.066559;0.596007;0.060348;,
  -0.104153;0.622925;-0.003891;,
  -0.085755;0.601695;-0.043236;,
  -0.068970;0.563022;-0.015641;,
  -0.145482;0.681640;-0.054279;,
  -0.091887;0.686446;-0.053970;,
  -0.160371;0.654289;-0.014340;,
  -0.115274;0.629167;0.034092;,
  -0.163401;0.633168;0.029137;,
  -0.101251;0.647569;-0.007299;,
  -0.091647;0.726482;-0.008046;,
  -0.100222;0.699002;0.034163;,
  -0.101251;0.647569;-0.007299;,
  -0.115836;0.654216;0.076067;,
  -0.115274;0.629167;0.034092;,
  -0.099675;0.733824;-0.004875;,
  -0.159406;0.705981;0.026933;,
  -0.143927;0.732422;-0.012238;,
  -0.163836;0.658058;0.071269;,
  -0.152309;0.705490;-0.037523;,
  -0.166680;0.621496;0.016291;,
  -0.121383;0.556290;0.013091;,
  -0.157381;0.562808;0.010077;,
  -0.109778;0.615295;0.021200;,
  -0.124958;0.515327;0.012968;,
  -0.151392;0.513037;0.008249;,
  -0.109778;0.615295;0.021200;,
  -0.134415;0.553736;0.068747;,
  -0.121383;0.556290;0.013091;,
  -0.114875;0.613129;0.084167;,
  -0.138667;0.510980;0.049593;,
  -0.124958;0.515327;0.012968;,
  -0.161962;0.559061;0.066123;,
  -0.171454;0.619392;0.079245;,
  -0.155350;0.508778;0.045513;,
  -0.104784;0.395082;-0.005700;,
  -0.123164;0.424312;0.039737;,
  -0.127532;0.403504;0.035369;,
  -0.100140;0.416222;-0.001773;,
  -0.099752;0.462614;-0.014084;,
  -0.104035;0.447991;-0.021034;,
  -0.102802;0.462176;-0.025336;,
  -0.098000;0.451636;-0.012586;,
  -0.128695;0.476234;0.048951;,
  -0.127826;0.457102;-0.008306;,
  -0.110363;0.484742;0.003524;,
  -0.138888;0.441227;0.040794;,
  -0.155900;0.434202;0.033092;,
  -0.164458;0.478734;0.036860;,
  -0.146242;0.488572;-0.010820;,
  -0.145596;0.450200;-0.014056;,
  -0.112006;0.756322;-0.063958;,
  -0.128587;0.739842;-0.082618;,
  -0.088317;0.746850;-0.074257;,
  -0.094734;0.728420;-0.089101;,
  -0.086068;0.698355;0.029854;,
  -0.070866;0.731227;-0.104175;,
  -0.132255;0.712130;-0.085289;,
  -0.112754;0.683807;-0.073857;,
  -0.127986;0.694791;-0.066970;,
  -0.103558;0.699782;-0.088701;,
  -0.097498;0.736299;-0.008390;,
  -0.101795;0.737544;-0.012873;,
  -0.053413;0.733308;-0.003806;,
  0.002007;0.723313;-0.018196;,
  -0.014411;0.746261;-0.071211;,
  -0.086621;0.759319;-0.045462;,
  -0.101795;0.737544;-0.012873;,
  -0.105022;0.683979;-0.037879;,
  -0.091887;0.686446;-0.053970;,
  -0.104163;0.725720;-0.013652;,
  -0.099258;0.677522;0.009878;,
  -0.104956;0.654213;-0.015049;,
  -0.114456;0.667796;-0.061811;,
  -0.098809;0.689535;0.021372;,
  -0.110363;0.484742;0.003524;,
  -0.072166;0.736363;-0.136431;,
  -0.062885;0.751097;-0.123332;,
  -0.025814;0.752896;-0.102549;,
  -0.036901;0.758203;-0.119956;,
  -0.145596;0.450200;-0.014056;,
  -0.104784;0.395082;-0.005700;,
  -0.127532;0.403504;0.035369;,
  -0.111998;0.475066;-0.004429;,
  -0.121939;0.467400;-0.027087;,
  -0.111998;0.475066;-0.004429;,
  -0.113402;0.457345;-0.003514;,
  -0.130828;0.448804;-0.018652;,
  -0.130828;0.448804;-0.018652;,
  -0.099752;0.462614;-0.014084;,
  -0.102802;0.462176;-0.025336;,
  -0.104035;0.447991;-0.021034;,
  -0.126870;0.021404;0.081992;,
  -0.130611;-0.002104;0.028907;,
  -0.136492;0.000056;0.080389;,
  -0.124480;0.016429;0.033180;,
  -0.019561;0.031192;0.140724;,
  -0.042449;-0.002414;0.110814;,
  -0.041930;0.022416;0.107026;,
  -0.017405;-0.001896;0.152718;,
  -0.037056;0.084330;0.127570;,
  -0.052848;0.036419;0.165213;,
  -0.057553;0.091045;0.139359;,
  -0.076351;-0.000023;0.140308;,
  -0.077422;0.034916;0.137711;,
  -0.045327;-0.000063;0.173506;,
  -0.075108;0.060944;0.097940;,
  -0.075888;0.070543;0.131091;,
  -0.096392;0.012009;0.025065;,
  -0.096475;-0.003881;0.016192;,
  -0.136492;0.000056;0.080389;,
  -0.096475;-0.003881;0.016192;,
  -0.046518;0.335835;-0.006708;,
  -0.076111;0.242087;0.002038;,
  -0.051956;0.181169;0.030295;,
  -0.049961;0.132293;0.064093;,
  -0.048013;0.059134;0.108131;,
  -0.048013;0.059134;0.108131;,
  -0.083115;0.733559;-0.152013;,
  -0.065347;0.720598;-0.167520;,
  -0.064271;0.723254;-0.146710;,
  -0.074377;0.726638;-0.170351;,
  -0.075840;0.756728;-0.132307;,
  -0.068182;0.770287;-0.113866;,
  -0.058918;0.867765;-0.188473;,
  -0.039316;0.872624;-0.189221;,
  -0.071837;0.793434;-0.222483;,
  -0.068674;0.822841;-0.219646;,
  -0.054832;0.791448;-0.228779;,
  -0.080574;0.745830;-0.177403;,
  -0.088914;0.761332;-0.153420;,
  -0.081775;0.746326;-0.145373;,
  -0.090695;0.798879;-0.142888;,
  -0.091232;0.804547;-0.166755;,
  -0.082267;0.832437;-0.204880;,
  -0.086803;0.795354;-0.192020;,
  -0.091094;0.839560;-0.179356;,
  -0.088226;0.805673;-0.127718;,
  -0.077621;0.817703;-0.109252;,
  -0.038578;0.821388;-0.098398;,
  -0.072072;0.861265;-0.129839;,
  -0.039301;0.865638;-0.120101;,
  -0.086908;0.773267;-0.186759;,
  -0.072282;0.764135;-0.208669;,
  -0.070995;0.733951;-0.189175;,
  -0.055998;0.707864;-0.196065;,
  -0.064544;0.843578;-0.214621;,
  -0.078428;0.857397;-0.186184;,
  -0.087083;0.854849;-0.147910;,
  -0.073796;0.870490;-0.159771;,
  -0.039503;0.880319;-0.152620;,
  -0.056686;0.877388;-0.154513;,
  -0.037890;0.781446;-0.102687;,
  -0.087083;0.854849;-0.147910;,
  -0.073796;0.870490;-0.159771;,
  -0.100479;0.793802;-0.141948;,
  -0.094100;0.791808;-0.155041;,
  -0.093328;0.763792;-0.154552;,
  -0.097608;0.810988;-0.153534;,
  -0.100479;0.793802;-0.141948;,
  -0.093328;0.763792;-0.154552;,
  -0.097608;0.810988;-0.153534;,
  -0.091232;0.804547;-0.166755;,
  -0.091307;0.779466;-0.168834;,
  -0.088914;0.761332;-0.153420;,
  -0.072361;0.786000;-0.212826;,
  -0.091307;0.779466;-0.168834;,
  -0.070866;0.731227;-0.104175;,
  -0.072166;0.736363;-0.136431;,
  -0.094734;0.728420;-0.089101;,
  -0.075840;0.756728;-0.132307;,
  0.038457;0.481887;0.099285;,
  0.040440;0.447654;0.100187;,
  0.037064;0.425689;0.092923;,
  0.015253;0.423531;0.041312;,
  -0.056686;0.877388;-0.154513;,
  -0.039503;0.880319;-0.152620;,
  -0.057112;0.737915;-0.206995;,
  -0.049920;0.759145;-0.217920;,
  -0.049951;0.749607;-0.216424;,
  -0.052644;0.784368;-0.218075;,
  0.016808;0.603491;0.051473;,
  -0.094734;0.728420;-0.089101;,
  -0.130611;-0.002104;0.028907;,
  -0.056410;0.731493;-0.205583;,
  -0.048679;0.728377;-0.212051;,
  -0.048589;0.733750;-0.209360;,
  -0.048381;0.736768;-0.214794;,
  -0.104163;0.725720;-0.013652;,
  -0.094752;0.696615;-0.030097;,
  -0.105022;0.683979;-0.037879;,
  -0.114456;0.667796;-0.061811;,
  -0.088226;0.805673;-0.127718;,
  -0.060444;0.189733;-0.033412;,
  -0.017275;0.127285;-0.061321;,
  -0.055793;0.118798;-0.004359;,
  -0.024881;0.203077;-0.074025;,
  -0.075235;0.248766;-0.051566;,
  -0.032291;0.260073;-0.082803;,
  -0.048414;0.339933;-0.035868;,
  -0.022862;0.341497;-0.054507;,
  -0.031819;0.426522;-0.022810;,
  -0.015521;0.423674;-0.031069;,
  -0.014860;0.461307;-0.022193;,
  -0.048261;0.468802;0.004481;,
  -0.012167;0.061946;-0.053983;,
  -0.048252;0.050307;0.016504;,
  0.003648;0.093463;0.138315;,
  -0.080170;0.163353;0.122662;,
  -0.057540;0.091045;0.139352;,
  -0.011073;0.160630;0.107824;,
  -0.090069;0.233194;0.098550;,
  -0.026874;0.222502;0.080759;,
  -0.034489;0.250104;0.060818;,
  -0.092250;0.254079;0.057790;,
  -0.087345;0.329872;0.094812;,
  -0.006100;0.316120;0.075025;,
  0.040440;0.447654;0.100187;,
  0.000858;0.430393;0.111398;,
  -0.094752;0.696615;-0.030097;,
  -0.071486;0.439122;0.008116;,
  -0.099353;0.346696;-0.003896;,
  -0.119955;0.245108;-0.016942;,
  -0.101886;0.191036;0.026541;,
  -0.088127;0.126364;0.059996;,
  -0.075108;0.060944;0.097940;,
  0.097499;0.408867;0.024570;,
  0.104721;0.331255;-0.024735;,
  0.068936;0.429735;0.072528;,
  0.079371;0.266265;-0.074749;,
  0.100115;0.228879;-0.054005;,
  0.099318;0.154451;-0.058117;,
  0.082790;0.082887;-0.062545;,
  -0.054608;0.410207;0.104433;,
  0.024783;0.683208;-0.139310;,
  0.024783;0.683208;-0.139310;,
  -0.010916;0.704837;-0.125190;,
  -0.010916;0.704837;-0.125190;,
  -0.010916;0.704837;-0.125190;,
  -0.010916;0.704837;-0.125190;,
  -0.010916;0.704837;-0.125190;,
  -0.010916;0.704837;-0.125190;,
  0.037916;0.663783;-0.132788;,
  0.037916;0.663783;-0.132788;,
  0.042459;0.643011;-0.121945;,
  0.042459;0.643011;-0.121945;,
  0.042459;0.643011;-0.121945;,
  0.010281;0.612708;-0.099657;,
  0.010281;0.612708;-0.099657;,
  0.010281;0.612708;-0.099657;,
  0.010281;0.612708;-0.099657;,
  0.010281;0.612708;-0.099657;,
  0.055040;0.628529;-0.092462;,
  0.055040;0.628529;-0.092462;,
  0.055040;0.628529;-0.092462;,
  0.055040;0.628529;-0.092462;,
  0.055040;0.628529;-0.092462;,
  0.000041;0.744461;-0.113788;,
  0.000041;0.744461;-0.113788;,
  0.000041;0.744461;-0.113788;,
  0.000041;0.744461;-0.113788;,
  0.000041;0.744461;-0.113788;,
  0.000041;0.744461;-0.113788;,
  0.055653;0.737365;-0.098825;,
  0.055653;0.737365;-0.098825;,
  0.055653;0.737365;-0.098825;,
  0.031821;0.731406;-0.119936;,
  0.031821;0.731406;-0.119936;,
  0.062454;0.543250;0.051548;,
  0.062454;0.543250;0.051548;,
  0.062454;0.543250;0.051548;,
  0.062454;0.543250;0.051548;,
  0.062454;0.543250;0.051548;,
  0.084136;0.542995;0.017669;,
  0.084136;0.542995;0.017669;,
  0.084136;0.542995;0.017669;,
  0.084136;0.542995;0.017669;,
  0.084136;0.542995;0.017669;,
  0.057113;0.533703;-0.030240;,
  0.057113;0.533703;-0.030240;,
  0.057113;0.533703;-0.030240;,
  0.057113;0.533703;-0.030240;,
  0.057113;0.533703;-0.030240;,
  0.057113;0.533703;-0.030240;,
  0.020077;0.522851;-0.045609;,
  0.020077;0.522851;-0.045609;,
  0.020077;0.522851;-0.045609;,
  0.020077;0.522851;-0.045609;,
  0.020077;0.522851;-0.045609;,
  0.056751;0.485611;-0.031911;,
  0.056751;0.485611;-0.031911;,
  0.056751;0.485611;-0.031911;,
  0.056751;0.485611;-0.031911;,
  0.056751;0.485611;-0.031911;,
  0.056751;0.485611;-0.031911;,
  -0.042114;0.613468;-0.084694;,
  -0.042114;0.613468;-0.084694;,
  -0.042114;0.613468;-0.084694;,
  -0.042114;0.613468;-0.084694;,
  -0.042114;0.613468;-0.084694;,
  0.023516;0.539621;0.069333;,
  0.023516;0.539621;0.069333;,
  0.059092;0.650407;0.012602;,
  0.059092;0.650407;0.012602;,
  0.059092;0.650407;0.012602;,
  0.059092;0.650407;0.012602;,
  0.009062;0.696164;0.014228;,
  0.009062;0.696164;0.014228;,
  0.012679;0.656720;0.035058;,
  0.012679;0.656720;0.035058;,
  0.059757;0.688817;-0.010721;,
  0.059757;0.688817;-0.010721;,
  0.059757;0.688817;-0.010721;,
  0.059757;0.688817;-0.010721;,
  0.059757;0.688817;-0.010721;,
  0.050619;0.455543;-0.049767;,
  0.050619;0.455543;-0.049767;,
  0.050619;0.455543;-0.049767;,
  0.050619;0.455543;-0.049767;,
  0.050619;0.455543;-0.049767;,
  0.050619;0.455543;-0.049767;,
  0.090585;0.442966;-0.023711;,
  0.090585;0.442966;-0.023711;,
  0.090585;0.442966;-0.023711;,
  0.090585;0.442966;-0.023711;,
  0.090585;0.442966;-0.023711;,
  0.090585;0.442966;-0.023711;,
  0.055124;0.284644;-0.150685;,
  0.055124;0.284644;-0.150685;,
  0.055124;0.284644;-0.150685;,
  0.055124;0.284644;-0.150685;,
  0.055124;0.284644;-0.150685;,
  0.088371;0.272742;-0.112814;,
  0.088371;0.272742;-0.112814;,
  0.088371;0.272742;-0.112814;,
  0.088371;0.272742;-0.112814;,
  0.088371;0.272742;-0.112814;,
  0.027227;0.403174;0.053661;,
  0.027227;0.403174;0.053661;,
  0.027227;0.403174;0.053661;,
  0.027227;0.403174;0.053661;,
  0.027227;0.403174;0.053661;,
  0.027227;0.403174;0.053661;,
  0.027227;0.403174;0.053661;,
  0.038937;0.262239;-0.071116;,
  0.038937;0.262239;-0.071116;,
  0.038937;0.262239;-0.071116;,
  0.038937;0.262239;-0.071116;,
  0.038937;0.262239;-0.071116;,
  0.031676;0.270515;-0.110607;,
  0.097499;0.408867;0.024570;,
  0.097499;0.408867;0.024570;,
  0.097499;0.408867;0.024570;,
  0.097499;0.408867;0.024570;,
  0.097499;0.408867;0.024570;,
  0.079371;0.266265;-0.074749;,
  0.079371;0.266265;-0.074749;,
  0.079371;0.266265;-0.074749;,
  0.079371;0.266265;-0.074749;,
  0.079371;0.266265;-0.074749;,
  0.079371;0.266265;-0.074749;,
  0.090814;0.067075;-0.085555;,
  0.090814;0.067075;-0.085555;,
  0.090814;0.067075;-0.085555;,
  0.069379;0.065903;-0.112964;,
  0.069379;0.065903;-0.112964;,
  0.059008;0.076893;-0.060778;,
  0.059008;0.076893;-0.060778;,
  0.082790;0.082887;-0.062545;,
  0.082790;0.082887;-0.062545;,
  0.103217;0.427094;0.036442;,
  0.103217;0.427094;0.036442;,
  0.103217;0.427094;0.036442;,
  0.103217;0.427094;0.036442;,
  0.068936;0.429735;0.072528;,
  0.068936;0.429735;0.072528;,
  0.068936;0.429735;0.072528;,
  0.068936;0.429735;0.072528;,
  0.059334;0.601880;0.030717;,
  0.059334;0.601880;0.030717;,
  0.059334;0.601880;0.030717;,
  0.059334;0.601880;0.030717;,
  0.059334;0.601880;0.030717;,
  0.059334;0.601880;0.030717;,
  0.081726;0.638327;-0.012232;,
  0.081726;0.638327;-0.012232;,
  0.081726;0.638327;-0.012232;,
  0.081726;0.638327;-0.012232;,
  0.081726;0.638327;-0.012232;,
  0.085202;0.633514;-0.031901;,
  0.085202;0.633514;-0.031901;,
  0.085202;0.633514;-0.031901;,
  0.085202;0.633514;-0.031901;,
  0.085202;0.633514;-0.031901;,
  0.085202;0.633514;-0.031901;,
  0.052134;0.574446;-0.041355;,
  0.052134;0.574446;-0.041355;,
  0.052134;0.574446;-0.041355;,
  0.052134;0.574446;-0.041355;,
  0.052134;0.574446;-0.041355;,
  0.052134;0.574446;-0.041355;,
  0.058714;0.611024;-0.071758;,
  0.058714;0.611024;-0.071758;,
  0.058714;0.611024;-0.071758;,
  0.058714;0.611024;-0.071758;,
  0.058714;0.611024;-0.071758;,
  0.078763;0.591549;-0.002718;,
  0.078763;0.591549;-0.002718;,
  0.078763;0.591549;-0.002718;,
  0.078763;0.591549;-0.002718;,
  0.014084;0.594399;-0.084839;,
  0.014084;0.594399;-0.084839;,
  0.014084;0.594399;-0.084839;,
  0.014084;0.594399;-0.084839;,
  0.014084;0.594399;-0.084839;,
  0.020476;0.560279;-0.054458;,
  0.020476;0.560279;-0.054458;,
  0.020476;0.560279;-0.054458;,
  0.020476;0.560279;-0.054458;,
  0.020476;0.560279;-0.054458;,
  -0.038805;0.599835;-0.071675;,
  -0.038805;0.599835;-0.071675;,
  -0.038805;0.599835;-0.071675;,
  -0.038805;0.599835;-0.071675;,
  -0.038805;0.599835;-0.071675;,
  -0.038805;0.599835;-0.071675;,
  -0.038805;0.599835;-0.071675;,
  -0.025434;0.555643;-0.037168;,
  -0.025434;0.555643;-0.037168;,
  -0.025434;0.555643;-0.037168;,
  -0.025434;0.555643;-0.037168;,
  -0.025434;0.555643;-0.037168;,
  0.144851;0.607036;-0.107462;,
  0.144851;0.607036;-0.107462;,
  0.174270;0.636532;-0.132221;,
  0.174270;0.636532;-0.132221;,
  0.174270;0.636532;-0.132221;,
  0.174270;0.636532;-0.132221;,
  0.174270;0.636532;-0.132221;,
  0.166680;0.602467;-0.079785;,
  0.166680;0.602467;-0.079785;,
  0.166680;0.602467;-0.079785;,
  0.166680;0.602467;-0.079785;,
  0.166680;0.602467;-0.079785;,
  0.144851;0.607036;-0.107462;,
  0.196148;0.631620;-0.104584;,
  0.196148;0.631620;-0.104584;,
  0.196148;0.631620;-0.104584;,
  0.196148;0.631620;-0.104584;,
  0.196148;0.631620;-0.104584;,
  0.196148;0.631620;-0.104584;,
  0.085285;0.587662;-0.205732;,
  0.085285;0.587662;-0.205732;,
  0.100571;0.602900;-0.221368;,
  0.100571;0.602900;-0.221368;,
  0.100571;0.602900;-0.221368;,
  0.100571;0.602900;-0.221368;,
  0.100571;0.602900;-0.221368;,
  0.100571;0.602900;-0.221368;,
  0.162521;0.572323;-0.110183;,
  0.162521;0.572323;-0.110183;,
  0.162521;0.572323;-0.110183;,
  0.162521;0.572323;-0.110183;,
  0.162521;0.572323;-0.110183;,
  0.115219;0.563165;-0.213243;,
  0.115219;0.563165;-0.213243;,
  0.115219;0.563165;-0.213243;,
  0.115219;0.563165;-0.213243;,
  0.085285;0.587662;-0.205732;,
  0.085285;0.587662;-0.205732;,
  0.199705;0.605388;-0.138219;,
  0.199705;0.605388;-0.138219;,
  0.199705;0.605388;-0.138219;,
  0.199705;0.605388;-0.138219;,
  0.124874;0.574174;-0.223104;,
  0.124874;0.574174;-0.223104;,
  0.124874;0.574174;-0.223104;,
  0.124874;0.574174;-0.223104;,
  0.124874;0.574174;-0.223104;,
  0.057126;0.737598;-0.132930;,
  0.057126;0.737598;-0.132930;,
  0.057126;0.737598;-0.132930;,
  0.057126;0.737598;-0.132930;,
  0.052926;0.719736;-0.156490;,
  0.052926;0.719736;-0.156490;,
  0.052926;0.719736;-0.156490;,
  0.052926;0.719736;-0.156490;,
  0.052926;0.719736;-0.156490;,
  0.031821;0.731406;-0.119936;,
  0.031821;0.731406;-0.119936;,
  0.023724;0.713459;-0.136248;,
  0.086918;0.677577;-0.038421;,
  0.086918;0.677577;-0.038421;,
  0.086918;0.677577;-0.038421;,
  0.086918;0.677577;-0.038421;,
  0.086918;0.677577;-0.038421;,
  0.086918;0.677577;-0.038421;,
  0.001224;0.720896;-0.129689;,
  0.001224;0.720896;-0.129689;,
  0.049371;0.693306;-0.158942;,
  0.049371;0.693306;-0.158942;,
  0.049371;0.693306;-0.158942;,
  0.049371;0.693306;-0.158942;,
  0.049371;0.693306;-0.158942;,
  0.037916;0.663783;-0.132788;,
  0.037916;0.663783;-0.132788;,
  0.024783;0.683208;-0.139310;,
  0.024783;0.683208;-0.139310;,
  0.060106;0.676452;-0.147555;,
  0.060106;0.676452;-0.147555;,
  0.060106;0.676452;-0.147555;,
  0.060106;0.676452;-0.147555;,
  0.081146;0.705190;-0.075723;,
  0.081146;0.705190;-0.075723;,
  0.081146;0.705190;-0.075723;,
  0.081146;0.705190;-0.075723;,
  0.081146;0.705190;-0.075723;,
